#
# CELL written by cell_write: Keith Refson, Oct 2006
#
%BLOCK lattice_cart
   ANG
       2.42617586816788       -4.20225987176430       0.00000000000000
       2.42617586816788        4.20225987176430       0.00000000000000
       0.00000000000000        0.00000000000000       5.35030448598545    
%ENDBLOCK lattice_cart

%BLOCK cell_constraints
      1   1   3
      0   0   0
%ENDBLOCK cell_constraints

%BLOCK positions_frac
   O              0.411708114524831       0.275681856821381       0.279407602909167
   O              0.724318143178620       0.136026257703450       0.946074269575834
   O              0.863973742296550       0.588291885475169       0.612740936242500
   O              0.136026257703450       0.724318143178620       0.053925730424166
   O              0.588291885475169       0.863973742296550       0.387259063757500
   O              0.275681856821381       0.411708114524831       0.720592397090833
   Si             0.464960105504908       0.000000000000000       0.166666666666667
   Si             0.000000000000000       0.464960105504908       0.833333333333333
   Si             0.535039894495092       0.535039894495092       0.500000000000000
%ENDBLOCK positions_frac

FIX_COM : true

%BLOCK species_pot
   O       o-optlda1.recpot
   Si      si-lda1.recpot
%ENDBLOCK species_pot

%BLOCK symmetry_ops
# Symm. op. 1       E
          1.000000000000000       0.000000000000000       0.000000000000000
          0.000000000000000       1.000000000000000       0.000000000000000
          0.000000000000000       0.000000000000000       1.000000000000000
          0.000000000000000       0.000000000000000       0.000000000000000
# Symm. op. 2     3_2
         -0.500000000000000       0.866025403784438       0.000000000000000
         -0.866025403784439      -0.500000000000000       0.000000000000000
          0.000000000000000       0.000000000000000       1.000000000000000
          0.000000000000000       0.000000000000000       0.666666666666667
# Symm. op. 3     3_1
         -0.500000000000000      -0.866025403784438       0.000000000000000
          0.866025403784439      -0.500000000000000       0.000000000000000
          0.000000000000000       0.000000000000000       1.000000000000000
          0.000000000000000       0.000000000000000       0.333333333333333
# Symm. op. 4       2
         -0.500000000000000      -0.866025403784438       0.000000000000000
         -0.866025403784439       0.500000000000000       0.000000000000000
          0.000000000000000       0.000000000000000      -1.000000000000000
          0.000000000000000       0.000000000000000       0.333333333333333
# Symm. op. 5       2
          1.000000000000000       0.000000000000000       0.000000000000000
          0.000000000000000      -1.000000000000000       0.000000000000000
          0.000000000000000       0.000000000000000      -1.000000000000000
          0.000000000000000       0.000000000000000       0.000000000000000
# Symm. op. 6       2
         -0.500000000000000       0.866025403784438       0.000000000000000
          0.866025403784439       0.500000000000000       0.000000000000000
          0.000000000000000       0.000000000000000      -1.000000000000000
          0.000000000000000       0.000000000000000       0.666666666666667
%ENDBLOCK symmetry_ops

kpoint_mp_grid :    5   5   4

phonon_kpoint_mp_grid :    5   5   4

phonon_kpoint_mp_offset :        0.000000000000000       0.000000000000000       0.125000000000000

#%BLOCK phonon_fine_kpoint_path
#  0.000000       0.000000  0.000000
# -0.3333333333   0.6666666667  0.000000
#  0.000000       0.500000  0.000000
#  0.000000       0.000000  0.000000
#  0.000000       0.000000  0.500000
# -0.3333333333   0.6666666667  0.500000
#  0.000000       0.500000  0.500000
#  0.000000       0.000000  0.500000
#%ENDBLOCK phonon_fine_kpoint_path

#phonon_fine_kpoint_path_spacing 0.02 1/ang

%BLOCK phonon_fine_kpoint_list
0.19007 0.09998 0.06485
0.98406 0.14377 0.09434
0.76911 0.64252 0.17037
0.49833 0.56487 0.44367
0.61079 0.68231 0.18907
0.62763 0.42506 0.21539
0.11584 0.18874 0.08069
0.87827 0.23917 0.23380
0.68840 0.26901 0.46349
0.67979 0.93132 0.83587
0.77114 0.76426 0.02729
0.39109 0.03228 0.28019
0.66907 0.40504 0.02485
0.00926 0.76724 0.31343
0.87633 0.38005 0.66884
0.51275 0.85170 0.02030
0.85981 0.25812 0.85330
0.94947 0.33850 0.72637
0.95335 0.20164 0.41233
0.07357 0.77546 0.07800
0.57377 0.43050 0.16950
0.38429 0.06226 0.99517
0.91598 0.40847 0.59959
0.34650 0.77585 0.57057
0.25140 0.01706 0.54329
0.13935 0.96884 0.46259
0.39461 0.85950 0.75698
0.05674 0.91898 0.00367
0.56032 0.18121 0.40188
0.26381 0.59426 0.11326
0.52106 0.57880 0.36813
0.77492 0.08707 0.80493
0.63752 0.83880 0.66140
0.58974 0.57761 0.70571
0.51688 0.70989 0.60064
0.05837 0.60001 0.47038
0.25790 0.93525 0.91098
0.80016 0.35281 0.66581
0.55193 0.46944 0.11315
0.66842 0.98038 0.68914
0.84595 0.27980 0.17112
0.86806 0.04117 0.76081
0.03813 0.88109 0.59695
0.20157 0.37671 0.26796
0.58870 0.37522 0.79741
0.47344 0.74504 0.47479
0.41365 0.53518 0.05378
0.71103 0.59068 0.84439
0.48838 0.39189 0.30439
0.26850 0.78194 0.01856
0.40668 0.48896 0.32720
0.06877 0.25915 0.49997
0.09902 0.94590 0.58627
0.76393 0.41766 0.94844
0.10536 0.82800 0.76569
0.94652 0.28865 0.96771
0.14485 0.80918 0.19744
0.59968 0.11157 0.79065
0.32128 0.65021 0.09049
0.05147 0.99804 0.69998
0.39458 0.92550 0.03302
0.34204 0.73292 0.11766
0.07204 0.06760 0.60993
0.69738 0.98945 0.32898
0.99838 0.30204 0.26400
0.35551 0.57427 0.45664
0.92953 0.66186 0.29775
0.47799 0.40466 0.99443
0.84452 0.25948 0.24628
0.53018 0.00728 0.90790
0.85054 0.63409 0.40562
0.86226 0.61852 0.26263
0.32847 0.95083 0.92004
0.57612 0.80660 0.87587
0.14334 0.02706 0.31063
0.52663 0.62847 0.36547
0.30684 0.02364 0.12597
0.96313 0.09349 0.42093
0.98010 0.24570 0.21159
0.28400 0.43629 0.51421
0.62737 0.79053 0.05181
0.81230 0.82505 0.82002
0.76319 0.92317 0.48670
0.81204 0.44119 0.53899
0.86996 0.73151 0.43608
0.84032 0.05759 0.63163
0.66952 0.79031 0.48538
0.93374 0.78980 0.31556
0.29482 0.42450 0.79534
0.39814 0.60858 0.06677
0.96233 0.98502 0.00729
0.54113 0.27784 0.62304
0.97159 0.11132 0.24514
0.13248 0.35974 0.62029
0.42069 0.97702 0.90832
0.51117 0.01551 0.98058
0.64459 0.61670 0.28984
0.84440 0.73413 0.85342
0.72263 0.20795 0.42888
0.75552 0.16547 0.26120
0.21925 0.85785 0.09007
0.30540 0.67198 0.83103
0.83590 0.13152 0.86131
0.44893 0.23680 0.36186
0.31443 0.13311 0.30904
0.40042 0.89502 0.22987
0.60781 0.90522 0.01439
0.28507 0.01104 0.46503
0.17124 0.00752 0.67240
0.44479 0.07367 0.13024
0.10686 0.55680 0.86913
0.80841 0.41053 0.05647
0.27304 0.33628 0.65156
0.47486 0.86979 0.86777
0.93684 0.44947 0.16371
0.10863 0.43558 0.73738
0.39187 0.25326 0.60311
0.34671 0.53835 0.01744
0.87821 0.42218 0.21592
0.10257 0.71066 0.87439
0.73057 0.21956 0.89376
0.15410 0.78190 0.62256
0.46352 0.53835 0.87359
0.39661 0.50283 0.00471
0.67819 0.73636 0.85563
0.13460 0.11804 0.59013
0.19460 0.00992 0.27382
0.18855 0.87613 0.15814
0.37772 0.35504 0.22379
0.78763 0.44627 0.36835
0.94195 0.40140 0.40220
0.39396 0.06648 0.70592
0.89411 0.83856 0.61895
0.21826 0.08797 0.40576
0.02710 0.38206 0.45654
0.64038 0.33293 0.59508
0.28172 0.64930 0.87343
0.42904 0.92896 0.90320
0.14095 0.40485 0.44810
0.66515 0.85817 0.43393
0.30490 0.64765 0.97936
0.60616 0.29376 0.12985
0.11489 0.76921 0.69913
0.38648 0.16230 0.22188
0.46816 0.30537 0.72275
0.76518 0.66824 0.94105
0.26600 0.60868 0.32497
0.40396 0.04919 0.64502
0.78514 0.29008 0.22354
0.56564 0.67205 0.92350
0.29272 0.61683 0.05785
0.81758 0.45862 0.88422
0.47078 0.20884 0.51250
0.90058 0.83597 0.21885
0.96333 0.77128 0.23652
0.97804 0.68749 0.48687
0.03823 0.47699 0.82369
0.88668 0.85877 0.36921
0.99289 0.31656 0.82945
0.81612 0.95878 0.90926
0.18262 0.31451 0.93480
0.68582 0.21116 0.74338
0.62978 0.10382 0.27971
0.11487 0.49241 0.48589
0.54914 0.87167 0.31415
0.91696 0.96931 0.74342
0.41538 0.59968 0.28683
0.99192 0.16309 0.83789
0.63200 0.82470 0.02953
0.62965 0.53074 0.84048
0.15113 0.54823 0.19963
0.92883 0.66797 0.69666
0.89207 0.97888 0.78292
0.98972 0.63492 0.68458
0.68611 0.92082 0.74347
0.78747 0.12198 0.53157
0.07513 0.50348 0.66647
0.68064 0.01341 0.72929
0.11326 0.94497 0.32736
0.55971 0.18920 0.28734
0.44788 0.34056 0.86097
0.56183 0.74458 0.22124
0.20887 0.28048 0.69733
0.42771 0.46302 0.41529
0.33278 0.87592 0.74382
0.88645 0.42715 0.23265
0.17271 0.74991 0.06996
0.58698 0.95561 0.81683
0.95660 0.34510 0.79786
0.47507 0.48373 0.29469
0.35045 0.19286 0.90156
0.96538 0.83519 0.11580
0.72544 0.86339 0.53632
0.94917 0.16676 0.34179
0.60190 0.76321 0.13246
0.34561 0.96349 0.52188
0.41773 0.07864 0.53738
0.17499 0.80568 0.83333
0.93923 0.71833 0.43331
0.73431 0.11030 0.04394
0.38788 0.53820 0.95487
0.94383 0.71307 0.51821
0.21485 0.53612 0.22363
0.64900 0.90928 0.97778
0.01955 0.98540 0.61546
0.26161 0.69678 0.58171
0.59059 0.63483 0.20582
0.27041 0.24194 0.19515
0.87144 0.95185 0.43240
0.71626 0.87978 0.47321
0.69324 0.83267 0.64036
0.58443 0.33834 0.05107
0.27905 0.67932 0.47756
0.13604 0.30501 0.27970
0.64625 0.12078 0.40819
0.77768 0.98112 0.72308
0.30307 0.03280 0.44059
0.31424 0.26444 0.86630
0.65012 0.00436 0.50707
0.88703 0.29005 0.90292
0.33302 0.51739 0.67605
0.24784 0.70173 0.50073
0.43660 0.37843 0.67425
0.71452 0.31562 0.04636
0.46374 0.25022 0.12890
0.27126 0.09096 0.60967
0.40046 0.06088 0.10285
0.13675 0.80533 0.59621
0.61711 0.41138 0.98510
0.30892 0.25556 0.24313
0.74781 0.52618 0.06438
0.09708 0.57953 0.20827
0.16735 0.59121 0.38152
0.90367 0.17429 0.18805
0.27885 0.46856 0.73368
0.85821 0.00464 0.78223
0.87404 0.38584 0.24932
0.71703 0.69907 0.82513
0.99301 0.25130 0.61691
0.33838 0.25926 0.37127
0.94234 0.53875 0.07913
0.92301 0.21824 0.66396
0.55170 0.05714 0.62773
0.24052 0.63743 0.61270
0.75211 0.58642 0.20291
0.83632 0.79760 0.90555
0.04361 0.70792 0.53887
0.12885 0.72103 0.90416
0.15819 0.25112 0.70816
0.08958 0.94034 0.64734
%ENDBLOCK phonon_fine_kpoint_list

#phonon_fine_kpoint_mp_grid : 6 6 6
